42.907092228395406 64.72991650936684
15.744134272426258 3.6375360660335643
99.11639012787926 26.492630492303014
78.36945677045617 81.88180088962561
22.58743610014663 19.225704180937885
82.01292090481634 77.0512713752
26.514674842361075 31.25986682472053
41.00093019912533 49.59708225121327
93.68931807998486 27.56515236585151
76.06677713623593 57.47451244054117
90.6988039283282 95.69574554811223
20.93772466149052 75.54291523874083
18.870307456023273 71.88095737227269
48.52842853296365 61.11523672064839
72.1920804259377 45.32299933962655
25.101703811436206 50.83433120748466
48.79989361768722 42.168565565572905
8.330630770755665 88.75262387226283
62.25384403884169 79.74225188536062
2.1929551705127115 66.22733479880178
5.204714898551954 87.7214307304758
81.83369183928221 80.54558055718849
41.93263453791243 99.24412727403293
89.95955620397704 6.714793667557062
94.23743200288168 97.01793472828238
90.91717761196607 89.98640185736184
10.584934633928544 81.17506620863887
80.71592998685671 93.56555454086441
4.461628058424472 34.98894811731793
99.51341259913312 2.9524035945903915
56.58920486237928 42.199662752781286
11.936323864124887 65.89849317483946
23.6213606575268 66.343115416592
32.27119248387211 32.351816833984
64.97890830796436 82.57566801310226
40.24230003732433 33.560268263743495
73.19881637993649 73.67151987786416
36.04952497987076 83.69464246273829
67.1899570221847 85.7620358044534
13.49719656666778 70.0966596756804
-431.4131578861959